Matrix:
1 2 3 4 5 6 7 8 9 10  ...
21 22 23 24 25 26 27 28 29 30  ...
41 42 43 44 45 46 47 48 49 50  ...
61 62 63 64 65 66 67 68 69 70  ...
81 82 83 84 85 86 87 88 89 90  ...
101 102 103 104 105 106 107 108 109 110  ...
121 122 123 124 125 126 127 128 129 130  ...
141 142 143 144 145 146 147 148 149 150  ...
161 162 163 164 165 166 167 168 169 170  ...
181 182 183 184 185 186 187 188 189 190  ...
...
Vector: 1 2 3 4 5 6 7 8 9 10 11 12 13 14 15 16 17 18 19 20 
Matrix-vector multiplication complete.
Result: 2870 7070 11270 15470 19670 23870 28070 32270 36470 40670 44870 49070 53270 57470 61670 65870 70070 74270 78470 82670 
Execution Time: 0.000013 seconds
Saving result to 'result_matrix.txt' ...
Matrix saved successfully!
